0,
0.366728,
0.869616,
1.329878,
1.833166,
2.258864,
2.669377,
3.121922,
3.59792,
4.074087,
4.542039,
4.983254,
5.370246,
5.827378,
6.241297,
6.69387,
7.135177,
7.584162,
8.052053,
8.520681,
8.961752,
9.391595,
9.832757,
10.301415,
10.687715,
11.136757,
11.597294,
12.038131,
12.479421,
12.909317,
13.36199,
13.810792,
14.252033,
14.673856,
15.161311,
15.618216,
16.051676,
16.481387,
16.960951,
17.390948,
17.832133,
18.257403,
18.706303,
19.147747,
19.577094,
20.026451,
20.479361,
20.900709,
21.350189,
21.782798,
22.243608,
22.665553,
23.114684,
23.54785,
24.023756,
24.453555,
24.906253,
25.347458,
25.804185,
26.245258,
26.697588,
27.146951,
27.596082,
28.056067,
28.486172,
28.881149,
29.360442,
29.801569,
30.258654,
30.700092,
31.167961,
31.601206,
32.049943,
32.463861,
32.905576,
33.346711,
33.796074,
34.225285,
34.677842,
35.118817,
35.548937,
35.990301,
36.442239,
36.891301,
37.321643,
37.762408,
38.230684,
38.698564,
39.120606,
39.561817,
40.022385,
40.455412,
40.866951,
41.337934,
41.795473,
42.235883,
42.677026,
43.106977,
43.559329,
44.035946,
44.484533,
44.925541,
45.394243,
45.835406,
46.276269,
46.725065,
47.177603,
47.61897,
48.068061,
48.490177,
48.946685,
49.352502,
49.794086,
50.227774,
50.695655,
51.137365,
51.585901,
52.027177,
52.476035,
52.951965,
53.385523,
53.826935,
54.27595,
54.716551,
55.165789,
55.606911,
56.059397,
56.489327,
56.930095,
57.37132,
57.793013,
58.269482,
58.710634,
59.170654,
59.60067,
60.061031,
60.467299,
60.904798,
61.34697,
61.81812,
62.267137,
62.71627,
63.130268,
63.579041,
63.992781,
64.461021,
64.894574,
65.370696,
65.784921,
66.206866,
66.620544,
67.135517,
67.557241,
67.998213,
68.458958,
68.931469,
69.376046,
69.825137,
70.274492,
70.699782,
71.121444,
71.598337,
72.065994,
72.507201,
72.920951,
73.369866,
73.784013,
74.232695,
74.658582,
75.115217,
75.591501,
76.044231,
76.473417,
76.899315,
77.328684,
77.786013,
78.227064,
78.679623,
79.140135,
79.569456,
80.002951,
80.459805,
80.909161,
81.342286,
81.745644,
82.205223,
82.673418,
83.14188,
83.555588,
83.977706,
84.418952,
84.906626,
85.328344,
85.76933,
86.210914,
86.652031,
87.100813,
87.56868,
87.990934,
88.432387,
88.872819,
89.298837,
89.755264,
90.231901,
90.657153,
91.114257,
91.547414,
91.977649,
92.42616,
92.886789,
93.328053,
93.795671,
94.225584,
94.643383,
95.099842,
95.514173,
95.963029,
96.396308,
96.864829,
97.314052,
97.755152,
98.195941,
98.656529,
99.113521,
99.554681,
99.996037,
100.444474,
100.88589,
101.338284,
101.787635,
102.217626,
102.658465,
103.091359,
103.532499,
104.020158,
104.457714,
104.898871,
105.348039,
105.800515,
106.249486,
106.663662,
107.123797,
107.57265,
108.049243,
108.482463,
108.931493,
109.380071,
109.813441,
110.23574,
110.676417,
111.106594,
111.559099,
111.988987,
112.430933,
112.890681,
113.331174,
113.761054,
114.229322,
114.697579,
115.177339,
115.599362,
116.021333,
116.454474,
116.911681,
117.352816,
117.812812,
118.282292,
118.730203,
119.144327,
119.585672,
120.053559,
120.483411,
120.935798,
121.392702,
121.833861,
122.267463,
122.697002,
123.122635,
123.552494,
124.012463,
124.461771,
124.945569,
125.370971,
125.820064,
126.261313,
126.695469,
127.124584,
127.584863,
127.998449,
128.447946,
128.923797,
129.365075,
129.787064,
130.20112,
130.707632,
131.137348,
131.586649,
132.012204,
132.468811,
132.921613,
133.370634,
133.819196,
134.240963,
134.693769,
135.142732,
135.611035,
136.05997,
136.520698,
136.915291,
137.364545,
137.824822,
138.246631,
138.707194,
139.155817,
139.597099,
140.026991,
140.441056,
140.874272,
141.370061,
141.83782,
142.251792,
142.682068,
143.12341,
143.564129,
144.016593,
144.473129,
144.922471,
145.355733,
145.832,
146.226687,
146.706478,
147.120566,
147.550299,
148.010292,
148.467399,
148.908837,
149.342295,
149.791136,
150.251036,
150.672859,
151.133505,
151.574784,
152.04299,
152.45702,
152.898532,
153.34764,
153.85066,
154.256524,
154.713588,
155.154421,
155.603384,
156.017487,
156.443599,
156.938486,
157.379684,
157.809423,
158.277555,
158.699531,
159.159769,
159.582099,
160.015168,
160.464077,
160.913437,
161.354639,
161.768577,
162.225342,
162.666393,
163.118742,
163.560031,
164.001077,
164.458119,
164.907062,
165.321012,
165.762392,
166.2421,
166.691767,
167.112811,
167.562177,
167.995085,
168.436448,
168.885316,
169.337767,
169.787109,
170.236227,
170.685036,
171.137525,
171.567317,
172.000417,
172.42234,
172.906653,
173.312837,
173.754842,
174.187325,
174.655238,
175.096512,
175.537696,
175.978825,
176.454692,
176.89582,
177.360757,
177.794392,
178.289663,
178.746317,
179.179752,
179.620601,
180.019148,
180.476177,
180.897934,
181.330886,
181.807253,
182.259728,
182.681838,
183.13105,
183.57176,
184.040828,
184.470027,
184.883861,
185.352537,
185.820439,
186.253483,
186.70268,
187.144222,
187.546785,
188.018342,
188.467367,
188.896778,
189.357513,
189.806731,
190.212658,
190.634249,
191.122287,
191.571117,
191.985431,
192.434644,
192.883313,
193.305286,
193.73858,
194.23457,
194.675361,
195.104877,
195.565103,
196.033676,
196.482168,
196.915477,
197.376088,
197.778802,
198.258385,
198.714903,
199.156273,
199.616671,
200.038626,
200.460665,
200.882281,
201.343066,
201.803417,
202.260116,
202.693391,
203.161746,
203.602659,
204.043952,
204.474795,
204.880034,
205.321291,
205.743026,
206.203524,
206.66833,
207.120564,
207.577753,
208.018546,
208.498376,
208.900817,
209.349996,
209.791541,
210.286598,
210.700341,
211.196074,
211.575043,
212.043331,
212.457422,
212.914644,
213.363292,
213.831476,
214.264646,
214.714725,
215.128113,
215.584751,
215.975304,
216.459002,
216.90816,
217.395293,
217.790678,
218.277796,
218.680725,
219.141134,
219.616948,
220.050726,
220.45669,
220.921125,
221.355125,
221.768948,
222.236804,
222.713293,
223.181368,
223.630621,
224.10636,
224.566924,
225.035943,
225.476013,
225.855163,
226.24985,
226.718393,
227.194598,
227.635582,
228.076731,
228.498526,
228.947654,
229.373209,
229.830281,
230.290742,
230.739428,
231.188718,
231.640664,
232.06295,
232.523328,
232.953372,
233.367362,
233.854616,
234.257187,
234.725551,
235.16745,
235.607917,
236.048601,
236.506194,
236.966143,
237.388244,
237.868275,
238.281842,
238.711793,
239.152627,
239.601686,
240.008036,
240.464987,
240.925451,
241.3779,
241.799575,
242.248895,
242.643608,
243.112031,
243.553393,
244.013229,
244.489606,
244.930566,
245.353421,
245.794104,
246.219115,
246.703016,
247.144092,
247.593302,
248.007359,
248.475676,
248.897387,
249.346641,
249.799133,
250.248177,
250.670161,
251.111472,
251.563871,
251.993637,
252.453893,
252.902744,
253.363454,
253.777248,
254.188037,
254.621192,
255.097125,
255.53152,
255.944441,
256.385979,
256.834679,
257.276081,
257.697711,
258.112129,
258.588184,
259.07597,
259.535736,
259.992957,
260.488092,
260.929281,
261.362575,
261.811287,
262.260201,
262.67453,
263.161884,
263.626759,
264.087077,
264.52041,
264.934384,
265.402542,
265.825463,
266.273571,
266.722771,
267.175154,
267.651248,
268.073215,
268.514468,
268.92857,
269.385344,
269.810648,
270.259833,
270.700718,
271.134368,
271.591169,
272.032428,
272.473533,
272.914517,
273.356364,
273.816193,
274.257362,
274.698539,
275.120419,
275.550738,
276.011015,
276.47862,
276.928,
277.349844,
277.783169,
278.251394,
278.665578,
279.098529,
279.528497,
279.996179,
280.418348,
280.867322,
281.347189,
281.768846,
282.218066,
282.667297